Correlation Matrix:

       x0    x1    x2    x3    x4    x5    x6    x7    x8    x9   x10   x11   x12   x13   x14   x15   x16   x17   x18   x19   x20   x21   x22   x23   x24   x25   x26   x27   x28   x29   x30   x31   
x0:   1.00 -0.04  0.07  0.10  0.07  0.10 -0.01  0.00  0.05  0.04 -0.02 -0.05  0.14 -0.01  0.14  0.18  0.10  0.03  0.06  0.08 -0.02  0.03  0.08  0.06  0.08  0.11  0.01  0.00  0.02  0.04 -0.04 -0.03 
x1:  -0.04  1.00 -0.73 -0.42 -0.74 -0.71 -0.36 -0.60 -0.70 -0.78 -0.33  0.01 -0.57  0.01 -0.56 -0.55  0.07 -0.29 -0.25 -0.41  0.01 -0.08 -0.78 -0.46 -0.78 -0.73 -0.42 -0.59 -0.66 -0.79 -0.42 -0.32 
x2:   0.07 -0.73  1.00  0.32  1.00  0.99  0.17  0.51  0.68  0.82  0.15 -0.31  0.68 -0.10  0.67  0.74 -0.22  0.21  0.19  0.38 -0.10 -0.04  0.97  0.30  0.97  0.94  0.12  0.41  0.53  0.74  0.16  0.01 
x3:   0.10 -0.42  0.32  1.00  0.33  0.32 -0.02  0.24  0.30  0.29  0.07 -0.08  0.28  0.39  0.28  0.26  0.01  0.19  0.14  0.16  0.01  0.05  0.35  0.91  0.36  0.34  0.08  0.28  0.30  0.30  0.11  0.12 
x4:   0.07 -0.74  1.00  0.33  1.00  0.99  0.21  0.56  0.72  0.85  0.18 -0.26  0.69 -0.09  0.69  0.74 -0.20  0.25  0.23  0.41 -0.08 -0.01  0.97  0.30  0.97  0.94  0.15  0.46  0.56  0.77  0.19  0.05 
x5:   0.10 -0.71  0.99  0.32  0.99  1.00  0.18  0.50  0.69  0.82  0.15 -0.28  0.73 -0.07  0.73  0.80 -0.17  0.21  0.21  0.37 -0.07 -0.02  0.96  0.29  0.96  0.96  0.12  0.39  0.51  0.72  0.14  0.00 
x6:  -0.01 -0.36  0.17 -0.02  0.21  0.18  1.00  0.66  0.52  0.55  0.56  0.58  0.30  0.07  0.30  0.25  0.33  0.32  0.25  0.38  0.20  0.28  0.21  0.04  0.24  0.21  0.81  0.47  0.43  0.50  0.39  0.50 
x7:   0.00 -0.60  0.51  0.24  0.56  0.50  0.66  1.00  0.88  0.83  0.60  0.57  0.50  0.05  0.55  0.46  0.14  0.74  0.57  0.64  0.23  0.51  0.54  0.25  0.59  0.51  0.57  0.87  0.82  0.82  0.51  0.69 
x8:   0.05 -0.70  0.68  0.30  0.72  0.69  0.52  0.88  1.00  0.92  0.50  0.34  0.63  0.08  0.66  0.62  0.10  0.67  0.69  0.68  0.18  0.45  0.69  0.30  0.73  0.68  0.45  0.75  0.88  0.86  0.41  0.51 
x9:   0.04 -0.78  0.82  0.29  0.85  0.82  0.55  0.83  0.92  1.00  0.46  0.17  0.70  0.02  0.71  0.69  0.03  0.49  0.44  0.62  0.10  0.26  0.83  0.29  0.86  0.81  0.45  0.67  0.75  0.91  0.38  0.37 
x10: -0.02 -0.33  0.15  0.07  0.18  0.15  0.56  0.60  0.50  0.46  1.00  0.48  0.30  0.13  0.31  0.22  0.19  0.42  0.34  0.39  0.45  0.33  0.19  0.09  0.22  0.18  0.43  0.47  0.43  0.43  0.70  0.44 
x11: -0.05  0.01 -0.31 -0.08 -0.26 -0.28  0.58  0.57  0.34  0.17  0.48  1.00  0.00  0.16  0.04 -0.09  0.40  0.56  0.45  0.34  0.35  0.69 -0.25 -0.05 -0.21 -0.23  0.50  0.46  0.35  0.18  0.33  0.77 
x12:  0.14 -0.57  0.68  0.28  0.69  0.73  0.30  0.50  0.63  0.70  0.30  0.00  1.00  0.21  0.97  0.95  0.16  0.36  0.33  0.51  0.24  0.23  0.72  0.19  0.72  0.75  0.14  0.29  0.38  0.53  0.09  0.05 
x13: -0.01  0.01 -0.10  0.39 -0.09 -0.07  0.07  0.05  0.08  0.02  0.13  0.16  0.21  1.00  0.22  0.11  0.40  0.23  0.19  0.23  0.41  0.28 -0.11  0.41 -0.10 -0.08 -0.07 -0.09 -0.07 -0.12 -0.13 -0.05 
x14:  0.14 -0.56  0.67  0.28  0.69  0.73  0.30  0.55  0.66  0.71  0.31  0.04  0.97  0.22  1.00  0.94  0.15  0.42  0.36  0.56  0.27  0.24  0.70  0.20  0.72  0.73  0.13  0.34  0.42  0.55  0.11  0.09 
x15:  0.18 -0.55  0.74  0.26  0.74  0.80  0.25  0.46  0.62  0.69  0.22 -0.09  0.95  0.11  0.94  1.00  0.08  0.28  0.27  0.42  0.13  0.13  0.76  0.20  0.76  0.81  0.13  0.28  0.39  0.54  0.07  0.02 
x16:  0.10  0.07 -0.22  0.01 -0.20 -0.17  0.33  0.14  0.10  0.03  0.19  0.40  0.16  0.40  0.15  0.08  1.00  0.34  0.27  0.33  0.41  0.43 -0.23 -0.07 -0.22 -0.18  0.31 -0.06 -0.06 -0.10 -0.11  0.10 
x17:  0.03 -0.29  0.21  0.19  0.25  0.21  0.32  0.74  0.67  0.49  0.42  0.56  0.36  0.23  0.42  0.28  0.34  1.00  0.80  0.74  0.39  0.80  0.20  0.14  0.26  0.20  0.23  0.68  0.64  0.48  0.28  0.59 
x18:  0.06 -0.25  0.19  0.14  0.23  0.21  0.25  0.57  0.69  0.44  0.34  0.45  0.33  0.19  0.36  0.27  0.27  0.80  1.00  0.77  0.31  0.73  0.19  0.10  0.23  0.19  0.17  0.48  0.66  0.44  0.20  0.44 
x19:  0.08 -0.41  0.38  0.16  0.41  0.37  0.38  0.64  0.68  0.62  0.39  0.34  0.51  0.23  0.56  0.42  0.33  0.74  0.77  1.00  0.31  0.61  0.36  0.09  0.39  0.34  0.22  0.45  0.55  0.60  0.14  0.31 
x20: -0.02  0.01 -0.10  0.01 -0.08 -0.07  0.20  0.23  0.18  0.10  0.45  0.35  0.24  0.41  0.27  0.13  0.41  0.39  0.31  0.31  1.00  0.37 -0.13 -0.08 -0.10 -0.11 -0.01  0.06  0.04 -0.03  0.39  0.08 
x21:  0.03 -0.08 -0.04  0.05 -0.01 -0.02  0.28  0.51  0.45  0.26  0.33  0.69  0.23  0.28  0.24  0.13  0.43  0.80  0.73  0.61  0.37  1.00 -0.04  0.00  0.00 -0.02  0.17  0.39  0.38  0.22  0.11  0.59 
x22:  0.08 -0.78  0.97  0.35  0.97  0.96  0.21  0.54  0.69  0.83  0.19 -0.25  0.72 -0.11  0.70  0.76 -0.23  0.20  0.19  0.36 -0.13 -0.04  1.00  0.36  0.99  0.98  0.22  0.48  0.57  0.79  0.24  0.09 
x23:  0.06 -0.46  0.30  0.91  0.30  0.29  0.04  0.25  0.30  0.29  0.09 -0.05  0.19  0.41  0.20  0.20 -0.07  0.14  0.10  0.09 -0.08  0.00  0.36  1.00  0.37  0.35  0.23  0.36  0.37  0.36  0.23  0.22 
x24:  0.08 -0.78  0.97  0.36  0.97  0.96  0.24  0.59  0.73  0.86  0.22 -0.21  0.72 -0.10  0.72  0.76 -0.22  0.26  0.23  0.39 -0.10  0.00  0.99  0.37  1.00  0.98  0.24  0.53  0.62  0.82  0.27  0.14 
x25:  0.11 -0.73  0.94  0.34  0.94  0.96  0.21  0.51  0.68  0.81  0.18 -0.23  0.75 -0.08  0.73  0.81 -0.18  0.20  0.19  0.34 -0.11 -0.02  0.98  0.35  0.98  1.00  0.21  0.44  0.54  0.75  0.21  0.08 
x26:  0.01 -0.42  0.12  0.08  0.15  0.12  0.81  0.57  0.45  0.45  0.43  0.50  0.14 -0.07  0.13  0.13  0.31  0.23  0.17  0.22 -0.01  0.17  0.22  0.23  0.24  0.21  1.00  0.57  0.52  0.55  0.49  0.62 
x27:  0.00 -0.59  0.41  0.28  0.46  0.39  0.47  0.87  0.75  0.67  0.47  0.46  0.29 -0.09  0.34  0.28 -0.06  0.68  0.48  0.45  0.06  0.39  0.48  0.36  0.53  0.44  0.57  1.00  0.89  0.80  0.61  0.81 
x28:  0.02 -0.66  0.53  0.30  0.56  0.51  0.43  0.82  0.88  0.75  0.43  0.35  0.38 -0.07  0.42  0.39 -0.06  0.64  0.66  0.55  0.04  0.38  0.57  0.37  0.62  0.54  0.52  0.89  1.00  0.86  0.53  0.69 
x29:  0.04 -0.79  0.74  0.30  0.77  0.72  0.50  0.82  0.86  0.91  0.43  0.18  0.53 -0.12  0.55  0.54 -0.10  0.48  0.44  0.60 -0.03  0.22  0.79  0.36  0.82  0.75  0.55  0.80  0.86  1.00  0.50  0.51 
x30: -0.04 -0.42  0.16  0.11  0.19  0.14  0.39  0.51  0.41  0.38  0.70  0.33  0.09 -0.13  0.11  0.07 -0.11  0.28  0.20  0.14  0.39  0.11  0.24  0.23  0.27  0.21  0.49  0.61  0.53  0.50  1.00  0.54 
x31: -0.03 -0.32  0.01  0.12  0.05  0.00  0.50  0.69  0.51  0.37  0.44  0.77  0.05 -0.05  0.09  0.02  0.10  0.59  0.44  0.31  0.08  0.59  0.09  0.22  0.14  0.08  0.62  0.81  0.69  0.51  0.54  1.00 

{
 Function1: x0: N/A
 Function2: x1: x2
 Function3: x1: x4
 Function4: x1: x5
 Function5: x1: x9
 Function6: x1: x22
 Function7: x1: x24
 Function8: x1: x25
 Function9: x1: x29
 Function10: x2: x1 x15
 Function11: x2: x4
 Function12: x2: x5
 Function13: x2: x9 x15
 Function14: x2: x15 x29
 Function15: x2: x22
 Function16: x2: x24
 Function17: x2: x25
 Function18: x3: x23
 Function19: x4: x1 x8 x15
 Function20: x4: x2 x8
 Function21: x4: x5 x8
 Function22: x4: x8 x22
 Function23: x4: x8 x25
 Function24: x4: x9 x15
 Function25: x4: x15 x29
 Function26: x4: x24
 Function27: x5: x1 x12
 Function28: x5: x1 x14
 Function29: x5: x1 x15
 Function30: x5: x2 x12
 Function31: x5: x2 x14
 Function32: x5: x4 x12
 Function33: x5: x4 x14
 Function34: x5: x9 x12
 Function35: x5: x9 x15
 Function36: x5: x12 x29
 Function37: x5: x14 x22
 Function38: x5: x14 x29
 Function39: x5: x15 x29
 Function40: x5: x24
 Function41: x5: x25
 Function42: x6: x26
 Function43: x7: x8 x17
 Function44: x7: x9 x17 x27
 Function45: x7: x17 x28
 Function46: x7: x17 x29
 Function47: x8: x4 x7
 Function48: x8: x4 x27
 Function49: x8: x4 x28
 Function50: x8: x7 x24
 Function51: x8: x9 x27
 Function52: x8: x24 x27
 Function53: x8: x24 x28
 Function54: x8: x29
 Function55: x9: x1 x7 x14
 Function56: x9: x1 x8 x14
 Function57: x9: x1 x14 x28
 Function58: x9: x2 x7 x14
 Function59: x9: x2 x8 x14
 Function60: x9: x2 x14 x28
 Function61: x9: x4 x7 x14
 Function62: x9: x4 x14 x28
 Function63: x9: x5 x7
 Function64: x9: x5 x8
 Function65: x9: x5 x28
 Function66: x9: x7 x14 x22
 Function67: x9: x7 x24
 Function68: x9: x7 x25
 Function69: x9: x8 x14 x22
 Function70: x9: x8 x25
 Function71: x9: x14 x22 x28
 Function72: x9: x14 x29
 Function73: x9: x24 x28
 Function74: x9: x25 x28
 Function75: x10: N/A
 Function76: x11: x31
 Function77: x12: x5
 Function78: x12: x14 x22
 Function79: x12: x15
 Function80: x12: x24
 Function81: x12: x25
 Function82: x13: N/A
 Function83: x14: x5
 Function84: x14: x9 x12
 Function85: x14: x9 x15
 Function86: x14: x24
 Function87: x14: x25
 Function88: x15: x2 x12
 Function89: x15: x2 x14
 Function90: x15: x4 x12
 Function91: x15: x4 x14
 Function92: x15: x5
 Function93: x15: x14 x22
 Function94: x15: x24
 Function95: x15: x25
 Function96: x16: N/A
 Function97: x17: x7 x18
 Function98: x17: x7 x19 x21
 Function99: x18: x17
 Function100: x18: x19 x21
 Function101: x19: x17
 Function102: x19: x18
 Function103: x20: N/A
 Function104: x21: x17
 Function105: x21: x18
 Function106: x22: x1 x12
 Function107: x22: x1 x15
 Function108: x22: x2 x12
 Function109: x22: x4 x12
 Function110: x22: x5
 Function111: x22: x9 x12
 Function112: x22: x9 x15
 Function113: x22: x12 x29
 Function114: x22: x15 x29
 Function115: x22: x24
 Function116: x22: x25
 Function117: x23: x3
 Function118: x24: x1 x8 x12
 Function119: x24: x1 x8 x14
 Function120: x24: x1 x8 x15
 Function121: x24: x2 x8 x12
 Function122: x24: x2 x8 x14
 Function123: x24: x4 x12
 Function124: x24: x4 x14
 Function125: x24: x5 x8
 Function126: x24: x8 x14 x22
 Function127: x24: x8 x25
 Function128: x24: x9 x12
 Function129: x24: x9 x15
 Function130: x24: x12 x29
 Function131: x24: x14 x29
 Function132: x24: x15 x29
 Function133: x25: x1 x12
 Function134: x25: x1 x14
 Function135: x25: x1 x15
 Function136: x25: x2 x12
 Function137: x25: x2 x14
 Function138: x25: x4 x12
 Function139: x25: x4 x14
 Function140: x25: x5
 Function141: x25: x9 x12
 Function142: x25: x9 x15
 Function143: x25: x12 x29
 Function144: x25: x14 x22
 Function145: x25: x14 x29
 Function146: x25: x15 x29
 Function147: x25: x24
 Function148: x26: x6
 Function149: x27: x7 x31
 Function150: x27: x8 x31
 Function151: x27: x28 x31
 Function152: x27: x29 x31
 Function153: x28: x7
 Function154: x28: x8
 Function155: x28: x9 x27
 Function156: x28: x29
 Function157: x29: x1 x7
 Function158: x29: x1 x8
 Function159: x29: x1 x27
 Function160: x29: x1 x28
 Function161: x29: x2 x7
 Function162: x29: x2 x8
 Function163: x29: x2 x27
 Function164: x29: x2 x28
 Function165: x29: x4 x7
 Function166: x29: x4 x27
 Function167: x29: x4 x28
 Function168: x29: x5 x7
 Function169: x29: x5 x8
 Function170: x29: x5 x27
 Function171: x29: x5 x28
 Function172: x29: x7 x22
 Function173: x29: x7 x24
 Function174: x29: x7 x25
 Function175: x29: x8 x22
 Function176: x29: x8 x25
 Function177: x29: x9 x27
 Function178: x29: x22 x27
 Function179: x29: x22 x28
 Function180: x29: x24 x27
 Function181: x29: x24 x28
 Function182: x29: x25 x27
 Function183: x29: x25 x28
 Function184: x30: N/A
 Function185: x31: x11 x27
}